22.0000000000000 8.48528137423857 8.48528137423858 -6.877838871672125
21.0939926426109 9.29201086867437 7.76604876868878 -4.465463145168684
20.2530132392281 25.0691654704510 7.26373714368679 11.087006356142616
19.0501876320858 8.87574625404333 7.78513987363405 -5.419646410891744
18.1507977538255 23.7305422503162 7.26723283645272 11.209633267799163
17.0690742851098 40.7232386997804 7.94244251189077 7.441729136266389
16.1557040025118 37.8361912675726 8.65341455897487 10.488652868336317
15.4723449910658 34.6958537190910 10.1827033330733 13.22202761999084
15.2149667803975 31.9249481889381 13.5120015472074 13.164205151252553
15.3822956133941 5.52700416320956 14.0311637297385 -22.806349295617885
12.8525654323397 32.6787303009910 12.0726795509726 13.909152309086217
12.5807615114606 30.1105744976738 13.0057455211255 13.675496494180024
12.7150658068294 28.4926800298506 11.2751788053882 14.399736681985082
13.5272169538935 27.5826581016463 10.0466594730108 14.643397791192584
15.4402550027892 14.5219307728466 9.27340659139625 -0.9282794776728451
14.1452548858960 18.4364802358765 8.70430555606019 4.235638951947948
14.1177694266609 16.8707718184664 8.14085663377995 2.4175243457067666
13.6958729000118 16.9969901684250 7.61562245828537 2.7932450961068156
13.4123840541855 16.7616136892137 7.11901510462308 2.6635022328294795
26.2210200026091 16.5642930155121 6.65154706806835 0.5201677029735663
25.1720187026397 17.5016677355752 6.19124762773350 1.8888796821177607
23.8642479828678 17.5822639248489 5.74882721254459 2.843748914972224
22.4245484058993 17.1256960089817 5.33569906243385 3.5948076463630088
20.9365670744304 16.3707378580145 4.96322009175058 4.210431054265285
19.4606918275651 15.4816690409550 4.64202125916116 4.413982121871449
18.0638204542982 14.6437246899703 4.37661576140161 3.850931157132095
16.7946758395069 14.0305496300677 4.15664149670038 2.7179941909879943
15.6446468149515 13.6929994460764 3.96151407008904 1.556377358882763
14.5733297866381 13.5793688776926 3.77482996153716 0.6754753433987233
13.5459384839419 13.6178002609743 3.58894487573089 0.13356747416831638
12.5404853025817 13.7475716967575 33.0265164187241 -21.304034124812635
13.1365139209446 12.5629116626624 31.0656942320301 -24.49539602690292
17.2356238390340 10.6076374676952 4.42765462884343 -1.2145175596163682
16.6454668968970 9.81138118039114 6.17445237055030 -3.559107021377244
17.0195859927189 9.00885427541924 7.12424196152458 -5.638850667319332
18.8956965197614 8.26650102067135 7.46146855696663 -6.363991160367604
22.9967013116415 7.63798559775563 7.60326363244488 -7.131688823895672
27.8606627059890 7.15270766979080 7.62981121817077 -6.356951268187281
26.5599742636756 6.78509392942224 7.71931791981825 -7.078162009544215
25.6108349380090 6.59100857147892 7.74013890678382 -7.548902671491923
25.0407991861203 6.62161971883813 7.72902525453681 -7.72281847551173
23.8904157520711 6.94795905545529 7.70613032607020 -7.791692829319345
17.6439285326225 7.71510444818252 7.67255506717139 -8.34241904116653
14.1409039422371 9.39772922168164 7.61382980809355 -8.210444940069117
12.0039393124374 12.9171797111282 7.54036874029788 -4.334571898355442
11.0412911523928 16.8476648494908 7.46952404206315 1.5494824193909196
10.9969757717499 15.9719744350705 7.40809345344628 0.1445040229032557
10.7697253086152 16.4444497616006 7.35435733938279 0.8781489690105033
10.6561764297600 16.1789678332961 7.30838715861750 0.4391387402839797
