9.71445146547012e-17 0.9925925846539864 22.0000000000000 8.48528137423857 8.48528137423858 -6.978135959343852 
-0.08076131609813178 1.986447221805161 21.0964681594685 9.30489527890311 7.75862072568339 -4.3414740701890935 
-0.21120192142622773 2.97212834762255 20.2522207941872 25.0748716859948 7.26380581990546 -6.134045035648583 
-0.41267760799292014 3.951603445436421 19.5775148787292 22.6103999626472 6.70228204498455 0.34416081964144496 
-0.6092951780529807 4.92724177159071 18.5988217392876 21.4635609018789 6.41893743393113 5.58492563104064 
-0.7409001423075197 5.903946288913386 17.3733991452958 21.2280438962541 6.37810503374218 9.758435306833789 
-0.7611166174276492 6.880498121164614 16.1436629921161 22.0268735140656 6.67717077435243 12.37628637293227 
-0.6394675571406575 7.867121596466244 15.1525851356544 39.3378678132604 7.49497577953820 6.22975047569183 
-0.45287242930637994 8.811432236842665 14.2594179110003 37.1352448019848 8.17185011352928 15.72583188122897 
-0.1148398462411499 9.665747665824355 13.8978274584947 33.2666607781934 10.8327134469861 23.25445525378104 
0.4620234602012312 10.435506607943866 14.9674560586959 30.4258344242474 12.7717529158583 15.861494358474353 
1.1907867640160466 11.106893390758607 16.4832705006662 10.6101862598597 11.5974676920944 7.741217946803346 
1.9810963925804939 11.713348522813808 17.1706655376196 8.44309305124479 10.8935952498489 5.008815359628294 
2.8011018339895513 12.26988100320788 17.4503958536262 9.03700846371099 10.3050887592705 7.6806392740679925 
3.6719878747788246 12.753666829022666 31.6875815996164 8.17698856224190 9.83550748948859 -4.9710976118510715 
4.489939315951385 13.272041134218256 16.1715813465298 12.3145958249401 9.26628135948391 14.447128692513864 
5.411249589527023 13.659138543703257 28.0437086147161 8.50919936579949 8.99510322248842 2.1001673992467005 
6.339508735179818 14.022737002348766 26.7611443903440 8.92869558432859 8.62905917859402 4.490940539316988 
7.2831375861333845 14.336603743758301 25.2008201426558 8.74917617576580 8.36883081571159 6.034640951873584 
8.24592542596974 14.58343013777442 23.6118818884112 8.27831875177014 8.24320137066154 6.319586913458643 
9.225574967431799 14.759180295547957 22.1803983985067 7.79552389166783 8.24787826524958 5.563373390157452 
10.216467438139555 14.871466110672914 20.9392061661168 7.41044881298836 8.34008750254567 4.26236271668607 
11.213319143608537 14.934618330700438 19.8333195832474 7.13225365451245 8.45927592316747 2.7479509617300266 
12.21262092317172 14.965906766377921 18.7984290483124 6.94922812665788 8.54428790172946 1.1700762331020655 
13.212439422337145 14.983591542535466 17.7910016914673 6.85727241636025 8.54473940290591 -0.4060256409120626 
14.211614202737273 15.005987241497822 16.7931834432061 6.86553501531647 8.43077635091934 -1.9418372274486089 
15.170212962329165 15.049155576125345 15.8103281742896 6.99793823828858 30.2565018436574 -16.347910996986897 
16.14109145455445 15.2803420764777 15.4383881190609 8.79157925206774 7.28350717850996 -3.6023334643001874 
17.09999675724837 15.551586731028587 14.6873870421185 9.73659148451219 6.91532215349634 -4.774155638277797 
18.001375105975296 15.861521418460793 14.0799795512698 11.1939941157087 34.8745718496844 -17.602982804288168 
18.85784384474337 16.368168569311457 15.4550061340847 12.5485764073825 6.16918768989161 -5.672556572848137 
19.678654631535117 16.929870839690093 15.6406025334130 11.4252031489916 5.73743001766035 -5.954084343815509 
20.459121134352745 17.547358774726032 16.2057159425041 10.4267671144751 5.92641014660236 -5.6171614278041275 
21.198621912514565 18.215354605171385 17.1107786936669 9.56007365216464 6.68657098495742 -4.7718103648428 
21.900625224389767 18.92402700742818 18.2130559947231 8.80153668859957 7.29069106571353 -4.044549545654441 
22.568948649913494 19.665389921483634 19.5302303332520 8.11746945250062 7.82581820153052 -3.4990146250675807 
23.206684931395163 20.433488623628406 21.1687841214607 7.48586669263051 8.31211940630168 -3.301595725088305 
23.81404186969017 21.22496146202094 23.5813965800760 6.89739086819376 8.72886057421079 -3.926178678589153 
24.380690552009593 22.037673370798608 28.9259009547737 6.36601869257585 8.99378942273031 -7.797849425065628 
24.872362798206126 22.89981294736772 28.0503639003578 6.02456451532643 8.81132456942170 -7.028745186530585 
25.292788825473608 23.8007408782927 27.1253435648975 5.81577999031086 8.73727143677645 -6.17512538120635 
25.64791836650832 24.730528080885023 26.4988572070540 5.71529492783793 8.72839202021615 -5.557464660375452 
25.94249772589706 25.6820151226943 26.0605453828654 5.72250903016503 8.74440114686364 -5.097804010697402 
26.18066342507836 26.651182885334425 24.1432594219070 5.84963691777567 8.76578976344618 -3.6220124843969472 
26.378061548758467 27.6308174655699 20.9255922349577 5.97095229389651 8.82236293770613 -2.10570991211884 
26.55142156512944 28.61509449925424 19.3895745822436 5.99832170642499 8.90771271278302 -1.939157844498041 
26.702513358004335 29.602901229155695 18.1890814569777 6.06383184631009 8.98363145618811 -2.1512996357984093 
26.82879523027053 30.593849252806937 17.0797861831744 6.23755055562748 9.04127277184436 -2.6107894508009934 
26.924869526726035 31.58758742627452 15.9780141572489 6.61667355324983 9.07549393699224 -3.2702331832811637 
26.983027857339255 32.58332958447341 14.8630465913585 7.38286609015359 9.08313921109799 -4.101316771066649 
26.993627033506623 33.579229732533115 13.7458974275800 8.96261521458176 9.06304953745843 -5.1541869852347375 
26.94474705992564 34.57022284757807 12.6401297646881 12.7827261545038 9.01574506295201 -7.16188095472355 
