22.0000000000000 8.48528137423857 8.48528137423858 -1.798421375591083
21.0107380917992 8.69669055733609 8.17850559084289 4.0898496397782225
20.0037511486108 8.33960165857301 8.39390295982581 6.247969179169232
19.0581651037338 7.79214346716821 8.94440655690094 1.5753354665196824
18.0724953476826 7.56497315423786 9.10220146399119 -1.975184844061296
17.0395090313257 7.58057957086656 8.87422879732017 -4.007872590695058
16.0312348796402 23.3701650638088 8.45428122886748 16.474794796291604
15.3125090777908 34.9740865999968 10.3539768375787 11.807300958768906
14.8515809000863 32.2002242246704 12.9517736318690 19.11274343461553
15.4840123235035 5.15724377213908 13.9193509260606 -7.3136899343452555
13.7398263553553 29.6878102665129 13.6236109024548 22.79989849595168
15.4727951087663 28.0574318910665 11.7510690105243 27.90653015322532
31.4114281139547 3.60595225317960 11.1811655129214 -5.240676633262936
31.7606705038596 6.04461507379646 10.5795652783936 -5.239303662164701
16.4310387047391 10.7047765304460 10.0078917531609 -2.5008933018035293
14.7443007978957 16.1865752446669 9.44149757944703 -2.2357279665495824
13.2370634644624 23.7569536957182 8.87030937422098 18.752835776046396
26.4444777819121 10.6789356618288 8.37790267530892 -5.247593246087369
26.5798358233589 14.1953920898114 7.86348163576731 -5.128706755607126
26.9367273645512 19.7206240074829 7.35964646393551 -4.461931354372311
10.4415325745431 21.0692996064559 6.85156176217869 4.646786547301112
25.0925665805022 20.5041913175545 6.25580203677905 -3.5649143164188857
8.73904266155746 19.4453952415790 5.75048924681452 -0.8736332527294195
7.68836879573197 18.5701093203626 5.19802865069537 -2.7242480198741887
6.48908046515011 17.6336040638523 4.65852520276222 -3.9597592864391373
5.28922344471530 16.7131056737964 4.11368873547954 -4.63510008512673
4.16635441159076 15.8652849315053 3.54253025161466 -4.960283106169797
