1.1882855810441129e-16 0.999990758522547 22.0000000000000 8.48528137423857 8.48528137423858 -0.24632510060611423
-0.0028660901640023464 1.9999783830770632 21.0017826761764 8.53524130647096 8.31993071810268 0.23299282164263246
-0.0030212063064643507 2.999906091116429 20.0042388813141 8.54141060460287 8.20120415647266 0.688888770757103
0.004837635451056203 3.999693598446554 19.0050259522504 8.49740361540213 8.12950157256453 1.0919661203913407
0.025395520531060707 4.999181146616062 18.0040043702245 8.40253670019738 8.10444325727294 1.4059493086827928
0.06123022903986994 5.969250283015346 17.0024798757929 24.6131070482379 8.12349891593333 13.896588290274892
0.25671141802967506 6.944963296120788 16.2035709202186 36.2346078991316 9.57455550708009 5.672922602775699
0.511400684670089 7.888388764726799 15.3802333625021 34.5262694124014 10.5594326526961 12.258618339529463
0.8896329856857983 8.768956154716552 15.0174056580237 31.8497150711326 13.5656063561905 16.59199924829999
1.4519935977300957 9.595840588630125 15.4980983716614 5.20547489992548 13.8967633860151 0.20398445115448283
1.980058146993132 10.368347420118564 14.4683723060105 29.0726136807339 13.0925659122067 20.65113667346067
2.7221686680796577 11.037625877602618 16.5822677931646 7.02565662511260 11.6685935934169 2.0965231935932778
3.4763208954602396 11.685119998742968 15.9409096452498 13.3626921805209 10.9881375032710 6.2905801442405505
4.2784061272118175 12.277753612288135 16.3131259652945 11.0573211880717 10.3149013400723 4.231591583981611
5.108705402298089 12.830234973363282 16.3576172482831 11.2213866747123 9.72939417945181 4.201421903661014
5.966947721268562 13.342667631092747 29.9158259649272 11.1819048664840 9.19849354320136 1.6537794886090467
6.834634698598441 13.838346875939871 28.5911962335833 12.1961324756350 8.68957410831601 2.1606431916585365
7.714260488626121 14.311928620033678 27.1694239263518 12.7544622241558 8.20291914033700 2.5495706270762852
8.607384525953217 14.759136277297047 25.7018908796977 12.9776847139173 7.74390184630610 2.7695766054249233
9.51446264613961 15.177347098033932 24.2405179025113 13.0037415405262 7.31596041944773 2.7542365719502584
10.434678676737757 15.566372519842583 22.8322230312947 12.9631106623311 6.91882482841997 2.472918399125909
11.366029045931304 15.928893614293148 21.5089378627069 12.9583777519340 6.54777736872976 1.9559595321022911
12.305701716810534 16.270242981724387 20.2832987626144 13.0580066453285 6.19482459899829 1.2759899310194953
13.250534573923836 16.59767273198699 19.1533547105785 13.3050568446165 5.85108114138620 0.5144922664758056
14.197339128208673 16.919450250480814 18.1108274636474 13.7311972093259 5.50890819840461 -0.2585602791971411
15.143039743187803 17.24402958541448 17.1473092936673 14.3684161216487 5.16294727219214 -0.9901265868671487
16.084691783412293 17.579394081196707 16.2569055728492 15.2571179250452 4.81001270729037 -1.6430162808494302
17.019490189000372 17.932594277447283 15.4362965966809 15.6780987174700 4.44823752200388 -2.145508963485476
17.944949415694378 18.30892079763176 14.6778873578693 14.4587723114966 4.07614567869470 -2.5006040594887224
18.858819403357945 18.711895619098012 13.9739315587628 13.2529225133319 3.69145001927057 -2.8388582528550117
19.713950442562762 19.12321126647152 13.3314614771445 12.0739392380349 20.4190293035603 -18.393880435226293
20.502021155503368 19.735188657341826 16.1118022749596 10.4076444979799 5.65981227667930 -3.8155618108208174
21.261390465471695 20.38086494102142 16.3446298996297 9.54597644799561 6.82830330846207 -4.610209440895012
21.984337078646924 21.065609098640824 17.1803422575134 8.74375566751906 7.46491808114710 -5.281687683133519
22.663314174158078 21.79280165990207 19.0171378706957 8.02349205817922 7.79665633718162 -5.791076621915515
23.29190339036964 22.56410184162371 22.7995866658549 7.40267561626421 7.96755584039318 -5.730995500852927
23.86873664686554 23.376926128817704 28.1193351405371 6.88270216765810 8.10487381963397 -4.652810892894898
24.40028753521366 24.21899163719939 26.8549138633246 6.42534693829572 8.31705055341460 -5.252133272950736
24.879007537844323 25.09110174602379 25.7951566103264 6.06562979889656 8.44119179629026 -5.811028916807672
25.29741405189177 25.992769576787275 24.9748324004367 5.82930268206744 8.50377238338357 -6.27090900434532
25.64881749808319 26.921895731989306 24.4167612477270 5.75045168506632 8.52695007778879 -6.607437196537234
25.92778843570896 27.874819984721483 24.1296790349024 5.88056300190563 8.52558868365985 -6.822158710267587
26.129979096497593 28.844732225161792 19.9381896826541 6.30906599831574 8.50742765845751 -7.7937050249610635
26.24378061869891 29.8300185527026 16.0634335435655 7.39771989197521 8.45361285857279 -7.326015141019191
26.27346961124689 30.82337279035354 13.7710212093405 9.47780717331541 8.39616670401572 -6.384619941346102
26.229339710749404 31.818338663435522 12.3059041847861 13.3764429253457 8.32836238085347 -5.162156923658131
26.12544231206252 32.8104484532294 11.3051294011498 18.4811799573731 8.24038052898038 -4.02361507375317
25.97525106191409 33.79660061723565 10.5600835175829 17.2749076572927 8.12544239933546 -4.033018678026977
25.778979118802194 34.77466398847595 9.87926890442744 16.2063825159443 7.98557786974715 -4.001399721924486
